12
154
343
435
615
654
770
1213
5106
5139
1213
1216
1374
1690
1845
1846
1847
5560
6272
6314
6317
9601
9613
9615
9620
9621
9622
9623
10777
10946
10948
10949
11095
11504
11509
11512
11518
11541
11580
11585
11587
11591
11606
11614
15857
15858
17023
17033
17037
17049
17050
17064
17081
17103
17107
17110
17112
17023
17033
17037
17883
17884
17887
17888
17889
17914
17919
17920
17921
17922
17929
17958
17996
18012
18013
18015
18016
18017
18018
18019
18021
18027
18040
18048
18057
18060
18064
18189
18191
18192
18207
18575
18594
18613
18604
18608
18622
18635
18650
18651
18655
18510
18558
18597
18668
18766
18770
18771
18773
18774
18775
18778
18780
18783
18785
18789
18796
18809
18813
18816
18822
18835
18842
18850
18853
18854
18858
19230
19267
19340
19365
19772
19845
19847
19865
19867
19870
19873
19879
19880
19886
19896
19914
19915
19919
19920
19923
19926
19927
19869
19952
19987
19988
19989
19991
20001
20007
20020
20021
20022
20030
20166
20168
20174
20176
20177
20179
20187
20195
20202
20203
20204
20206
20208
20209
20211
20253
20257
20258
20261
20262
20273
20276
20286
20288
20289
20290
20329
20335
20393
20460
20463
20479
20505
20507
20511
20534
20536
20537
20538
20539
20560
20574
20577
20578
20582
20590
20592
20611
20612
20613
20617
20618
20619
20621
20623
20624
20625
20626
20629
20633
20638
20641
20643
20644
20645
20647
20648
20650
20651
20654
20655
20656
20657
20658
20660
20661
20662
20664
20680
20681
20682
20683
20684
20685
20688
20690
20691
20694
20695
20696
20697
20699
20700
20701
20702
20703
20704
20705
20706
20707
20710
20711
20712
20713
20714
20716
20717
20719
20722
20723
20727
20729
20734
20736
20737
20738
20739
20740
20744
20745
20746
20748
20749
20750
20752
20753
20754
20756
20757
20759
20761
20763
20764
20766
20767
20768
20769
20770
20772
20774
20776
20777
20778
20779
20780
20781
20782
20804
20805
20806
20807
20620
20622
20634
20637
20639
20649
20693
20698
20720
20725
20741
20743
20747
20751
20760
20765
20775
20783
20802
